%basis
   NewGTO   H
   S  3
       1              18.73113696               0.03349460
       2               2.82539437               0.23472695
       3               0.64012169               0.81375733
   S  1
       1               0.16127776               1.00000000
   end
   NewGTO   C
   S  6
       1            3047.52488000               0.00183474
       2             457.36951800               0.01403732
       3             103.94868500               0.06884262
       4              29.21015530               0.23218444
       5               9.28666296               0.46794135
       6               3.16392696               0.36231199
   S  3
       1               7.86827235              -0.11933242
       2               1.88128854              -0.16085415
       3               0.54424926               1.14345644
   P  3
       1               7.86827235               0.06899907
       2               1.88128854               0.31642396
       3               0.54424926               0.74430829
   S  1
       1               0.16871448               1.00000000
   P  1
       1               0.16871448               1.00000000
   D  1
       1               0.80000000               1.00000000
   end
   NewGTO   N
   S  6
       1            4173.51146000               0.00183477
       2             627.45791100               0.01399463
       3             142.90209300               0.06858655
       4              40.23432930               0.23224087
       5              12.82021290               0.46906995
       6               4.39043701               0.36045520
   S  3
       1              11.62636186              -0.11496118
       2               2.71627981              -0.16911748
       3               0.77221840               1.14585195
   P  3
       1              11.62636186               0.06757974
       2               2.71627981               0.32390730
       3               0.77221840               0.74089514
   S  1
       1               0.21203150               1.00000000
   P  1
       1               0.21203150               1.00000000
   D  1
       1               0.80000000               1.00000000
   end
   NewGTO   O
   S  6
       1            5484.67166000               0.00183107
       2             825.23494600               0.01395017
       3             188.04695800               0.06844508
       4              52.96450000               0.23271434
       5              16.89757040               0.47019290
       6               5.79963534               0.35852085
   S  3
       1              15.53961625              -0.11077755
       2               3.59993359              -0.14802626
       3               1.01376175               1.13076701
   P  3
       1              15.53961625               0.07087427
       2               3.59993359               0.33975284
       3               1.01376175               0.72715858
   S  1
       1               0.27000582               1.00000000
   P  1
       1               0.27000582               1.00000000
   D  1
       1               0.80000000               1.00000000
   end
   NewGTO   F
   S  6
       1            7001.71309000               0.00181962
       2            1051.36609000               0.01391608
       3             239.28569000               0.06840532
       4              67.39744530               0.23318576
       5              21.51995730               0.47126744
       6               7.40310130               0.35661855
   S  3
       1              20.84795280              -0.10850698
       2               4.80830834              -0.14645166
       3               1.34406986               1.12868858
   P  3
       1              20.84795280               0.07162872
       2               4.80830834               0.34591210
       3               1.34406986               0.72246996
   S  1
       1               0.35815139               1.00000000
   P  1
       1               0.35815139               1.00000000
   D  1
       1               0.80000000               1.00000000
   end
   NewGTO   Si
   S  6
       1           16115.90000000               0.00195948
       2            2425.58000000               0.01492880
       3             553.86700000               0.07284781
       4             156.34000000               0.24613003
       5              50.06830000               0.48591405
       6              17.01780000               0.32500204
   S  6
       1             292.71800000              -0.00278094
       2              69.87310000              -0.03571462
       3              22.33630000              -0.11498506
       4               8.15039000               0.09356345
       5               3.13458000               0.60301731
       6               1.22543000               0.41895921
   P  6
       1             292.71800000               0.00443826
       2              69.87310000               0.03266793
       3              22.33630000               0.13472114
       4               8.15039000               0.32867833
       5               3.13458000               0.44964046
       6               1.22543000               0.26137227
   S  3
       1               1.72738000              -0.24463100
       2               0.57292200               0.00431574
       3               0.22219200               1.09818451
   P  3
       1               1.72738000              -0.01779511
       2               0.57292200               0.25353909
       3               0.22219200               0.80066927
   S  1
       1               0.07783690               1.00000000
   P  1
       1               0.07783690               1.00000000
   D  1
       1               0.45000000               1.00000000
   end
   NewGTO   P
   S  6
       1           19413.30000000               0.00185160
       2            2909.42000000               0.01420619
       3             661.36400000               0.06999946
       4             185.75900000               0.24007886
       5              59.19430000               0.48476172
       6              20.03100000               0.33519981
   S  6
       1             339.47800000              -0.00278217
       2              81.01010000              -0.03604990
       3              25.87800000              -0.11663100
       4               9.45221000               0.09683280
       5               3.66566000               0.61441802
       6               1.46746000               0.40379802
   P  6
       1             339.47800000               0.00456462
       2              81.01010000               0.03369357
       3              25.87800000               0.13975488
       4               9.45221000               0.33936172
       5               3.66566000               0.45092062
       6               1.46746000               0.23858580
   S  3
       1               2.15623000              -0.25292411
       2               0.74899700               0.03285184
       3               0.28314500               1.08125476
   P  3
       1               2.15623000              -0.01776531
       2               0.74899700               0.27405820
       3               0.28314500               0.78542156
   S  1
       1               0.09983170               1.00000000
   P  1
       1               0.09983170               1.00000000
   D  1
       1               0.55000000               1.00000000
   end
   NewGTO   S
   S  6
       1           21917.10000000               0.00186924
       2            3301.49000000               0.01423031
       3             754.14600000               0.06969623
       4             212.71100000               0.23848711
       5              67.98960000               0.48330722
       6              23.05150000               0.33807415
   S  6
       1             423.73500000              -0.00237677
       2             100.71000000              -0.03169301
       3              32.15990000              -0.11331702
       4              11.80790000               0.05609001
       5               4.63110000               0.59225512
       6               1.87025000               0.45500610
   P  6
       1             423.73500000               0.00406101
       2             100.71000000               0.03068130
       3              32.15990000               0.13045200
       4              11.80790000               0.32720500
       5               4.63110000               0.45285100
       6               1.87025000               0.25604200
   S  3
       1               2.61584000              -0.25037311
       2               0.92216700               0.06695676
       3               0.34128700               1.05450627
   P  3
       1               2.61584000              -0.01451049
       2               0.92216700               0.31026278
       3               0.34128700               0.75448246
   S  1
       1               0.11716700               1.00000000
   P  1
       1               0.11716700               1.00000000
   D  1
       1               0.65000000               1.00000000
   end
   NewGTO   Cl
   S  6
       1           25180.10000000               0.00183296
       2            3780.35000000               0.01403420
       3             860.47400000               0.06909739
       4             242.14500000               0.23745198
       5              77.33490000               0.48303396
       6              26.24700000               0.33985597
   S  6
       1             491.76500000              -0.00229739
       2             116.98400000              -0.03071372
       3              37.41530000              -0.11252807
       4              13.78340000               0.04501633
       5               5.45215000               0.58935336
       6               2.22588000               0.46520629
   P  6
       1             491.76500000               0.00398940
       2             116.98400000               0.03031771
       3              37.41530000               0.12988003
       4              13.78340000               0.32795107
       5               5.45215000               0.45352710
       6               2.22588000               0.25215406
   S  3
       1               3.18649000              -0.25182803
       2               1.14427000               0.06158925
       3               0.42037700               1.06018433
   P  3
       1               3.18649000              -0.01429931
       2               1.14427000               0.32357233
       3               0.42037700               0.74350777
   S  1
       1               0.14265700               1.00000000
   P  1
       1               0.14265700               1.00000000
   D  1
       1               0.75000000               1.00000000
   end
   NewGTO   Ge
   S  6
       1           94281.32000000               0.00173299
       2           14156.42000000               0.01328181
       3            3224.93500000               0.06557319
       4             909.48210000               0.22837119
       5             291.71490000               0.47781037
       6              99.89074000               0.35571348
   S  6
       1            2016.62900000               0.00229919
       2             480.65990000               0.03068823
       3             156.06160000               0.12629060
       4              59.07914000              -0.01105405
       5              24.22346000              -0.61036590
       6              10.04418000              -0.47553870
   P  6
       1            2016.62900000               0.00387260
       2             480.65990000               0.03051218
       3             156.06160000               0.13389710
       4              59.07914000               0.34624959
       5              24.22346000               0.46357409
       6              10.04418000               0.20478789
   S  6
       1              87.28112000              -0.00533085
       2              30.28230000               0.05874495
       3              12.85367000               0.25983490
       4               5.58743700              -0.19269170
       5               2.43846100              -0.71905701
       6               1.04032400              -0.29951811
   P  6
       1              87.28112000              -0.00689396
       2              30.28230000              -0.02954252
       3              12.85367000               0.05042291
       4               5.58743700               0.36993659
       5               2.43846100               0.49331469
       6               1.04032400               0.21164450
   S  3
       1               1.34496000               0.23388152
       2               0.44366200              -0.21896172
       3               0.17608200              -0.92420067
   P  3
       1               1.34496000              -0.01976804
       2               0.44366200               0.30289056
       3               0.17608200               0.75628269
   S  1
       1               0.06466500               1.00000000
   P  1
       1               0.06466500               1.00000000
   D  3
       1              44.63105000               0.08431036
       2              12.20184000               0.38477261
       3               3.82342300               0.70033232
   D  1
       1               1.10883100               1.00000000
   D  1
       1               0.27720000               1.00000000
   end
   NewGTO   As
   S  6
       1          100595.50000000               0.00172675
       2           15104.82000000               0.01323462
       3            3440.88400000               0.06535848
       4             970.39610000               0.22780420
       5             311.28520000               0.47745249
       6             106.62840000               0.35676189
   S  6
       1            2166.67900000               0.00227176
       2             516.54140000               0.03033475
       3             167.86740000               0.12590571
       4              63.64638000              -0.00668717
       5              26.13673000              -0.60653063
       6              10.85439000              -0.48231443
   P  6
       1            2166.67900000               0.00383216
       2             516.54140000               0.03023558
       3             167.86740000               0.13286320
       4              63.64638000               0.34476480
       5              26.13673000               0.46403680
       6              10.85439000               0.20648240
   S  6
       1              95.06989000              -0.00558742
       2              33.18087000               0.05632506
       3              14.06773000               0.26258350
       4               6.15328800              -0.17183490
       5               2.72171200              -0.71756450
       6               1.18533400              -0.31845980
   P  6
       1              95.06989000              -0.00681658
       2              33.18087000              -0.02970303
       3              14.06773000               0.04704335
       4               6.15328800               0.36450420
       5               2.72171200               0.49451570
       6               1.18533400               0.21498300
   S  3
       1               1.61531500               0.26453717
       2               0.55133000              -0.19527368
       3               0.22276200              -0.95953990
   P  3
       1               1.61531500              -0.02574061
       2               0.55133000               0.30727643
       3               0.22276200               0.75373688
   S  1
       1               0.08292300               1.00000000
   P  1
       1               0.08292300               1.00000000
   D  3
       1              50.30227000               0.08144711
       2              13.84166000               0.37929078
       3               4.39345800               0.70404006
   D  1
       1               1.31075500               1.00000000
   D  1
       1               0.32770000               1.00000000
   end
   NewGTO   Se
   S  6
       1          107027.30000000               0.00172265
       2           16070.76000000               0.01320324
       3            3661.22600000               0.06520494
       4            1032.67300000               0.22737870
       5             331.33390000               0.47714509
       6             113.54700000               0.35755530
   S  6
       1            2313.54000000               0.00226192
       2             551.68490000               0.03019493
       3             179.44010000               0.12588279
       4              68.13044000              -0.00437381
       5              28.03062000              -0.60432766
       6              11.66572000              -0.48611997
   P  6
       1            2313.54000000               0.00381841
       2             551.68490000               0.03015145
       3             179.44010000               0.13256140
       4              68.13044000               0.34434190
       5              28.03062000               0.46392370
       6              11.66572000               0.20681980
   S  6
       1             101.57540000              -0.00575262
       2              35.61545000               0.05675608
       3              15.13135000               0.26512431
       4               6.64692300              -0.16705820
       5               2.97280500              -0.71887372
       6               1.31670700              -0.32219071
   P  6
       1             101.57540000              -0.00694239
       2              35.61545000              -0.03014441
       3              15.13135000               0.04776411
       4               6.64692300               0.36638271
       5               2.97280500               0.49400861
       6               1.31670700               0.21001090
   S  3
       1               1.84699100               0.28231562
       2               0.64715900              -0.21296162
       3               0.25798700              -0.95453847
   P  3
       1               1.84699100              -0.02653919
       2               0.64715900               0.33572902
       3               0.25798700               0.73018133
   S  1
       1               0.09410700               1.00000000
   P  1
       1               0.09410700               1.00000000
   D  3
       1              56.18544000               0.07904963
       2              15.54808000               0.37464488
       3               4.98939400               0.70716446
   D  1
       1               1.52384400               1.00000000
   D  1
       1               0.38100000               1.00000000
   end
   NewGTO   Br
   S  6
       1          113718.20000000               0.00171770
       2           17074.44000000               0.01316744
       3            3889.57600000               0.06504553
       4            1097.09600000               0.22695050
       5             352.06240000               0.47683571
       6             120.70020000               0.35836770
   S  6
       1            2471.13800000               0.00224369
       2             589.38380000               0.02994853
       3             191.87380000               0.12560090
       4              72.95339000              -0.00098328
       5              30.05839000              -0.60131408
       6              12.52927000              -0.49139829
   P  6
       1            2471.13800000               0.00379018
       2             589.38380000               0.02995979
       3             191.87380000               0.13182279
       4              72.95339000               0.34327079
       5              30.05839000               0.46423448
       6              12.52927000               0.20793869
   S  6
       1             109.64110000              -0.00597568
       2              38.58948000               0.05542122
       3              16.37818000               0.26812001
       4               7.22183600              -0.15436061
       5               3.26369700              -0.72063062
       6               1.46549900              -0.33164371
   P  6
       1             109.64110000              -0.00690748
       2              38.58948000              -0.03041432
       3              16.37818000               0.04602725
       4               7.22183600               0.36506888
       5               3.26369700               0.49492317
       6               1.46549900               0.20903939
   S  3
       1               2.10365100               0.30290293
       2               0.75470500              -0.21526592
       3               0.30051400              -0.96339418
   P  3
       1               2.10365100              -0.02826714
       2               0.75470500               0.35030649
       3               0.30051400               0.71824457
   S  1
       1               0.10907100               1.00000000
   P  1
       1               0.10907100               1.00000000
   D  3
       1              62.25514000               0.07704228
       2              17.31284000               0.37073837
       3               5.60791500               0.70976275
   D  1
       1               1.74648600               1.00000000
   D  1
       1               0.43660000               1.00000000
   end
   NewGTO   He
   S  3
       1              38.42163400               0.04013974
       2               5.77803000               0.26124610
       3               1.24177400               0.79318462
   S  1
       1               0.29796400               1.00000000
   end
   NewGTO   Ne
   S  6
       1            8425.85153000               0.00188435
       2            1268.51940000               0.01433690
       3             289.62141400               0.07010962
       4              81.85900400               0.23737327
       5              26.25150790               0.47300713
       6               9.09472051               0.34840124
   S  3
       1              26.53213100              -0.10711829
       2               6.10175501              -0.14616382
       3               1.69627153               1.12777350
   P  3
       1              26.53213100               0.07190959
       2               6.10175501               0.34951337
       3               1.69627153               0.71994051
   S  1
       1               0.44581870               1.00000000
   P  1
       1               0.44581870               1.00000000
   D  1
       1               0.80000000               1.00000000
   end
   NewGTO   Ar
   S  6
       1           28348.30000000               0.00182526
       2            4257.62000000               0.01396860
       3             969.85700000               0.06870731
       4             273.26300000               0.23620402
       5              87.36950000               0.48221405
       6              29.68670000               0.34204304
   S  6
       1             575.89100000              -0.00215972
       2             136.81600000              -0.02907751
       3              43.80980000              -0.11082705
       4              16.20940000               0.02769991
       5               6.46084000               0.57761324
       6               2.65114000               0.48868820
   P  6
       1             575.89100000               0.00380665
       2             136.81600000               0.02923050
       3              43.80980000               0.12646699
       4              16.20940000               0.32350999
       5               6.46084000               0.45489598
       6               2.65114000               0.25662999
   S  3
       1               3.86028000              -0.25559296
       2               1.41373000               0.03780674
       3               0.51664600               1.08056406
   P  3
       1               3.86028000              -0.01591969
       2               1.41373000               0.32464580
       3               0.51664600               0.74398955
   S  1
       1               0.17388800               1.00000000
   P  1
       1               0.17388800               1.00000000
   D  1
       1               0.85000000               1.00000000
   end
   NewGTO   Kr
   S  6
       1          120552.40000000               0.00171405
       2           18102.25000000               0.01313805
       3            4124.12600000               0.06490006
       4            1163.47200000               0.22651849
       5             373.46120000               0.47649608
       6             128.08970000               0.35919519
   S  6
       1            2634.68100000               0.00222511
       2             628.45330000               0.02971122
       3             204.70810000               0.12539260
       4              77.90827000               0.00194706
       5              32.13816000              -0.59873882
       6              13.41845000              -0.49589721
   P  6
       1            2634.68100000               0.00376191
       2             628.45330000               0.02977531
       3             204.70810000               0.13118779
       4              77.90827000               0.34250188
       5              32.13816000               0.46449377
       6              13.41845000               0.20872839
   S  6
       1             117.51070000              -0.00615766
       2              41.52553000               0.05464841
       3              17.65290000               0.27069939
       4               7.81831300              -0.14261359
       5               3.57177500              -0.72167807
       6               1.62375000              -0.34120079
   P  6
       1             117.51070000              -0.00692285
       2              41.52553000              -0.03069239
       3              17.65290000               0.04480260
       4               7.81831300               0.36367748
       5               3.57177500               0.49524117
       6               1.62375000               0.20863399
   S  3
       1               2.37456000               0.32511840
       2               0.86919300              -0.21415330
       3               0.34747300              -0.97550830
   P  3
       1               2.37456000              -0.03009554
       2               0.86919300               0.35988935
       3               0.34747300               0.71030990
   S  1
       1               0.12647900               1.00000000
   P  1
       1               0.12647900               1.00000000
   D  3
       1              68.53888000               0.07530705
       2              19.14333000               0.36735510
       3               6.25121300               0.71201461
   D  1
       1               1.97923600               1.00000000
   D  1
       1               0.49480000               1.00000000
   end
   NewGTO   B
   S  6
       1            2068.88225000               0.00186627
       2             310.64957000               0.01425148
       3              70.68303300               0.06955162
       4              19.86108030               0.23257293
       5               6.29930484               0.46707871
       6               2.12702697               0.36343144
   S  3
       1               4.72797107              -0.13039380
       2               1.19033774              -0.13078895
       3               0.35941168               1.13094448
   P  3
       1               4.72797107               0.07459758
       2               1.19033774               0.30784668
       3               0.35941168               0.74345683
   S  1
       1               0.12675125               1.00000000
   P  1
       1               0.12675125               1.00000000
   D  1
       1               0.60000000               1.00000000
   end
   NewGTO   Al
   S  6
       1           13983.10000000               0.00194267
       2            2098.75000000               0.01485990
       3             477.70500000               0.07284940
       4             134.36000000               0.24682999
       5              42.87090000               0.48725799
       6              14.51890000               0.32349599
   S  6
       1             239.66800000              -0.00292619
       2              57.44190000              -0.03740830
       3              18.28590000              -0.11448700
       4               6.59914000               0.11563500
       5               2.49049000               0.61259501
       6               0.94454500               0.39379900
   P  6
       1             239.66800000               0.00460285
       2              57.44190000               0.03319897
       3              18.28590000               0.13628187
       4               6.59914000               0.33047568
       5               2.49049000               0.44914557
       6               0.94454500               0.26570374
   S  3
       1               1.27790000              -0.22760692
       2               0.39759000               0.00144584
       3               0.16009500               1.09279444
   P  3
       1               1.27790000              -0.01751260
       2               0.39759000               0.24453303
       3               0.16009500               0.80493409
   S  1
       1               0.05565770               1.00000000
   P  1
       1               0.05565770               1.00000000
   D  1
       1               0.32500000               1.00000000
   end
   NewGTO   Ga
   S  6
       1           88284.61000000               0.00173692
       2           13256.06000000               0.01331136
       3            3019.64900000               0.06571709
       4             851.42220000               0.22879320
       5             272.99970000               0.47815070
       6              93.42593000               0.35491540
   S  6
       1            1877.68000000               0.00231673
       2             447.43740000               0.03090570
       3             145.14010000               0.12641731
       4              54.84977000              -0.01429714
       5              22.44351000              -0.61328553
       6               9.28662200              -0.47035982
   P  6
       1            1877.68000000               0.00389610
       2             447.43740000               0.03066136
       3             145.14010000               0.13445091
       4              54.84977000               0.34707612
       5              22.44351000               0.46354353
       6               9.28662200               0.20394351
   S  6
       1              80.05681000              -0.00505638
       2              27.57856000               0.06117037
       3              11.71717000               0.25756920
       4               5.05411300              -0.21507540
       5               2.17252500              -0.72137030
       6               0.90418400              -0.27852440
   P  6
       1              80.05681000              -0.00694782
       2              27.57856000              -0.02938902
       3              11.71717000               0.05377307
       4               5.05411300               0.37645109
       5               2.17252500               0.49239128
       6               0.90418400               0.20736129
   S  3
       1               1.11243800               0.19703339
       2               0.32872200              -0.24976448
       3               0.13055200              -0.87494464
   P  3
       1               1.11243800              -0.00915187
       2               0.32872200               0.31117865
       3               0.13055200               0.74365501
   S  1
       1               0.04758900               1.00000000
   P  1
       1               0.04758900               1.00000000
   D  3
       1              39.11406000               0.08790043
       2              10.61218000               0.39156001
       3               3.27303300               0.69569901
   D  1
       1               0.91566000               1.00000000
   D  1
       1               0.22890000               1.00000000
   end
   NewGTO   Li
   S  6
       1             642.41891500               0.00214261
       2              96.79851530               0.01620887
       3              22.09112120               0.07731557
       4               6.20107025               0.24578605
       5               1.93511768               0.47018900
       6               0.63673579               0.34547085
   S  3
       1               2.32491841              -0.03509175
       2               0.63243036              -0.19123284
       3               0.07905343               1.08398780
   P  3
       1               2.32491841               0.00894151
       2               0.63243036               0.14100946
       3               0.07905343               0.94536370
   S  1
       1               0.03596197               1.00000000
   P  1
       1               0.03596197               1.00000000
   D  1
       1               0.20000000               1.00000000
   end
   NewGTO   Na
   S  6
       1            9993.20000000               0.00193766
       2            1499.89000000               0.01480699
       3             341.95100000               0.07270547
       4              94.67960000               0.25262891
       5              29.73450000               0.49324182
       6              10.00630000               0.31316888
   S  6
       1             150.96300000              -0.00354208
       2              35.58780000              -0.04395884
       3              11.16830000              -0.10975211
       4               3.90201000               0.18739819
       5               1.38177000               0.64669964
       6               0.46638200               0.30605830
   P  6
       1             150.96300000               0.00500166
       2              35.58780000               0.03551090
       3              11.16830000               0.14282499
       4               3.90201000               0.33861998
       5               1.38177000               0.45157897
       6               0.46638200               0.27327098
   S  3
       1               0.49796600              -0.24850316
       2               0.08435290              -0.13170408
       3               0.06663500               1.23352079
   P  3
       1               0.49796600              -0.02302250
       2               0.08435290               0.95035902
       3               0.06663500               0.05985790
   S  1
       1               0.02595440               1.00000000
   P  1
       1               0.02595440               1.00000000
   D  1
       1               0.17500000               1.00000000
   end
   NewGTO   K
   S  6
       1           31594.42000000               0.00182801
       2            4744.33000000               0.01399403
       3            1080.41900000               0.06887129
       4             304.23380000               0.23697599
       5              97.24586000               0.48290398
       6              33.02495000               0.34047949
   S  6
       1             622.76250000              -0.00250298
       2             147.88390000              -0.03315550
       3              47.32735000              -0.12263870
       4              17.51495000               0.05353643
       5               6.92272200               0.61938598
       6               2.76827700               0.43458779
   P  6
       1             622.76250000               0.00409464
       2             147.88390000               0.03145199
       3              47.32735000               0.13515579
       4              17.51495000               0.33904998
       5               6.92272200               0.46294547
       6               2.76827700               0.22426379
   S  6
       1              11.84802000               0.01277689
       2               4.07921100               0.20987670
       3               1.76348100              -0.00309527
       4               0.78892700              -0.55938841
       5               0.35038700              -0.51347601
       6               0.14634400              -0.06598035
   P  6
       1              11.84802000              -0.01221377
       2               4.07921100              -0.00690054
       3               1.76348100               0.20074663
       4               0.78892700               0.42813326
       5               0.35038700               0.39701565
       6               0.14634400               0.11047181
   S  3
       1               0.71680100              -0.05237766
       2               0.23374100              -0.27984999
       3               0.03867500               1.14154573
   P  3
       1               0.71680100               0.03164300
       2               0.23374100              -0.04046160
       3               0.03867500               1.01202902
   S  1
       1               0.01652100               1.00000000
   P  1
       1               0.01652100               1.00000000
   D  3
       1               9.02907800               0.08747673
       2               2.28504500               0.37956353
       3               0.66389200               0.71803936
   D  1
       1               0.17938900               1.00000000
   D  1
       1               0.04485000               1.00000000
   end
   NewGTO   Be
   S  6
       1            1264.58569000               0.00194476
       2             189.93680600               0.01483505
       3              43.15908900               0.07209055
       4              12.09866270               0.23715415
       5               3.80632322               0.46919865
       6               1.27289030               0.35652023
   S  3
       1               3.19646310              -0.11264873
       2               0.74781330              -0.22950641
       3               0.21996633               1.18691676
   P  3
       1               3.19646310               0.05598020
       2               0.74781330               0.26155061
       3               0.21996633               0.79397234
   S  1
       1               0.08230990               1.00000000
   P  1
       1               0.08230990               1.00000000
   D  1
       1               0.40000000               1.00000000
   end
   NewGTO   Mg
   S  6
       1           11722.80000000               0.00197783
       2            1759.93000000               0.01511399
       3             400.84600000               0.07391077
       4             112.80700000               0.24919091
       5              35.99970000               0.48792783
       6              12.18280000               0.31966189
   S  6
       1             189.18000000              -0.00323717
       2              45.21190000              -0.04100791
       3              14.35630000              -0.11260002
       4               5.13886000               0.14863302
       5               1.90652000               0.61649709
       6               0.70588700               0.36482905
   P  6
       1             189.18000000               0.00492813
       2              45.21190000               0.03498880
       3              14.35630000               0.14072500
       4               5.13886000               0.33364199
       5               1.90652000               0.44493999
       6               0.70588700               0.26925400
   S  3
       1               0.92934000              -0.21229090
       2               0.26903500              -0.10798546
       3               0.11737900               1.17584498
   P  3
       1               0.92934000              -0.02241918
       2               0.26903500               0.19227084
       3               0.11737900               0.84618029
   S  1
       1               0.04210610               1.00000000
   P  1
       1               0.04210610               1.00000000
   D  1
       1               0.17500000               1.00000000
   end
   NewGTO   Ca
   S  6
       1           35264.86000000               0.00181350
       2            5295.50300000               0.01388493
       3            1206.02000000               0.06836162
       4             339.68390000               0.23561882
       5             108.62640000               0.48206393
       6              36.92103000               0.34298192
   S  6
       1             706.30960000               0.00244823
       2             167.81870000               0.03241504
       3              53.82558000               0.12262190
       4              20.01638000              -0.04316965
       5               7.97027900              -0.61269952
       6               3.21205900              -0.44875402
   P  6
       1             706.30960000               0.00402037
       2             167.81870000               0.03100601
       3              53.82558000               0.13372790
       4              20.01638000               0.33679830
       5               7.97027900               0.46312810
       6               3.21205900               0.22575320
   S  6
       1              14.19518000               0.01084500
       2               4.88082800               0.20883331
       3               2.16039000               0.03150338
       4               0.98789900              -0.55265183
       5               0.44951700              -0.54379973
       6               0.18738700              -0.06669342
   P  6
       1              14.19518000              -0.01289621
       2               4.88082800              -0.01025198
       3               2.16039000               0.19597812
       4               0.98789900               0.43579335
       5               0.44951700               0.39964524
       6               0.18738700               0.09713637
   S  3
       1               1.03227100              -0.04439718
       2               0.38117100              -0.32845616
       3               0.06513100               1.16300950
   P  3
       1               1.03227100              -0.42986210
       2               0.38117100               0.00693583
       3               0.06513100               0.97059329
   S  1
       1               0.02601000               1.00000000
   P  1
       1               0.02601000               1.00000000
   D  3
       1              10.11067000               0.08747671
       2               2.55876900               0.37956348
       3               0.74342000               0.71803925
   D  1
       1               0.20087800               1.00000000
   D  1
       1               0.05020000               1.00000000
   end
   NewGTO  Sc
   S   6
     1  39088.980000000            0.00180326
     2   5869.792000000            0.01380769
     3   1336.910000000            0.06800396
     4    376.603100000            0.23470990
     5    120.467900000            0.48156900
     6     40.980320000            0.34456520
   S   6
     1    786.285200000            0.00245186
     2    186.887000000            0.03259579
     3     60.009350000            0.12382420
     4     22.258830000           -0.04359890
     5      8.885149000           -0.61771810
     6      3.609211000           -0.44328230
   S   6
     1     29.843550000           -0.00258630
     2      9.542383000            0.07188424
     3      4.056790000            0.25032600
     4      1.704703000           -0.29910030
     5      0.706234000           -0.74468180
     6      0.279536000           -0.17997760
   S   3
     1      1.065609000            0.06482978
     2      0.425933000            0.32537560
     3      0.076320000           -1.17080600
   S   1
     1      0.029594000            1.00000000
   P   6
     1    786.285200000            0.00403953
     2    186.887000000            0.03122570
     3     60.009350000            0.13498330
     4     22.258830000            0.34247930
     5      8.885149000            0.46231130
     6      3.609211000            0.21775240
   P   6
     1     29.843550000            -0.00609665
     2      9.542383000            -0.02628884
     3      4.056790000             0.05091001
     4      1.704703000             0.37980970
     5      0.706234000             0.51708830
     6      0.279536000             0.18297720
   P   3
     1      1.065609000            -0.29384400
     2      0.425933000             0.09235323
     3      0.076320000             0.98479300
   P   1
     1      0.029594000             1.00000000
   D   3
     1      9.2389253773           0.1013495998
     2      2.3061823929           0.4074937059
     3      0.6394887979           0.6965324203
   D   1
     1      0.1620099141           1.0000000
   F   1
     1      0.80000000             1.0000000
   end
   NewGTO   Ti
   S   6
     1  43152.950000000            0.00179187
     2   6479.571000000            0.01372392
     3   1475.675000000            0.06762830
     4    415.699100000            0.23376420
     5    133.000600000            0.48106960
     6     45.272220000            0.34622800
   S   6
     1    874.682600000            0.00243101
     2    207.978500000            0.03233027
     3     66.879180000            0.12425200
     4     24.873470000           -0.03903905
     5      9.968441000           -0.61717890
     6      4.063826000           -0.44730970
   S   6
     1     33.643630000           -0.00294036
     2     10.875650000            0.07163103
     3      4.628225000            0.25289150
     4      1.950126000           -0.29664010
     5      0.809452000           -0.74322150
     6      0.320474000           -0.18535200
   S   3
     1      1.224148000            0.06351465
     2      0.484263000            0.31514040
     3      0.084096000           -1.16259500
   S   1
     1      0.032036000            1.00000000
   P   6
     1    874.682600000             0.00401768
     2    207.978500000             0.03113966
     3     66.879180000             0.13490770
     4     24.873470000             0.34316720
     5      9.968441000             0.46257600
     6      4.063826000             0.21546030
   P   6
     1     33.643630000            -0.00631162
     2     10.875650000            -0.02697638
     3      4.628225000             0.05316847
     4      1.950126000             0.38455490
     5      0.809452000             0.51276620
     6      0.320474000             0.18111350
   P   3
     1      1.224148000            -0.21120700
     2      0.484263000             0.07771998
     3      0.084096000             0.98982140
   P   1
     1      0.032036000             1.00000000
   D   3
     1     11.3802872735           0.1000655567
     2      2.8785653801           0.4084975315
     3      0.8146824263           0.6922977301
   D   1
     1      0.2106293041           1.0000000
   F   1
     1      0.80000000             1.0000000
   end
   NewGTO  V
   S   6
     1  47354.330000000            0.00178451
     2   7110.787000000            0.01366754
     3   1619.591000000            0.06736122
     4    456.337900000            0.23305520
     5    146.060600000            0.48063160
     6     49.757910000            0.34748020
   S   6
     1    968.148400000            0.00241060
     2    230.282100000            0.03207243
     3     74.145910000            0.12459420
     4     27.641070000           -0.03482177
     5     11.114750000           -0.61673740
     6      4.543113000           -0.45098440
   S   6
     1     37.640500000           -0.00323320
     2     12.282380000            0.07130744
     3      5.233366000            0.25438200
     4      2.208950000           -0.29338870
     5      0.917880000           -0.74156950
     6      0.363412000           -0.19094100
   S   3
     1      1.392781000            0.06139703
     2      0.543913000            0.30611300
     3      0.091476000           -1.15489000
   S   1
     1      0.034312000            1.00000000
   P   6
     1    968.148400000            0.00399500
     2    230.282100000            0.03104061
     3     74.145910000            0.13477470
     4     27.641070000            0.34372790
     5     11.114750000            0.46287590
     6      4.543113000            0.21355470
   P   6
     1     37.640500000           -0.00649406
     2     12.282380000           -0.02753453
     3      5.233366000            0.05516284
     4      2.208950000            0.38796720
     5      0.917880000            0.50902580
     6      0.363412000            0.18038400
   P   3
     1      1.392781000           -0.18912650
     2      0.543913000            0.08005453
     3      0.091476000            0.98773990
   P   1
     1      0.034312000            1.00000000
   D   3
     1     13.3595274176           0.1006487662
     2      3.4113944966           0.4115551152
     3      0.9739061412           0.6875734800
   D   1
     1      0.2522224358           1.0000000
   F   1
     1      0.80000000             1.0000000
   end
   NewGTO   Cr
   S   6
     1  51789.810000000            0.00177618
     2   7776.849000000            0.01360476
     3   1771.385000000            0.06706925
     4    499.158800000            0.23231040
     5    159.798200000            0.48024100
     6     54.470210000            0.34876530
   S   6
     1   1064.328000000            0.00239967
     2    253.213800000            0.03194886
     3     81.609240000            0.12508680
     4     30.481930000           -0.03221866
     5     12.294390000           -0.61722840
     6      5.037722000           -0.45259360
   S   6
     1     41.562910000           -0.00345422
     2     13.676270000            0.07218428
     3      5.844390000            0.25448200
     4      2.471609000           -0.29345340
     5      1.028308000           -0.73854550
     6      0.407250000           -0.19471570
   S   3
     1      1.571464000            0.05892219
     2      0.605580000            0.29760550
     3      0.098561000           -1.14750600
   S   1
     1      0.036459000            1.00000000
   P   6
     1   1064.328000000             0.00398700
     2    253.213800000             0.03104662
     3     81.609240000             0.13505180
     4     30.481930000             0.34488650
     5     12.294390000             0.46285710
     6      5.037722000             0.21104260
   P   6
     1     41.562910000            -0.00672250
     2     13.676270000            -0.02806471
     3      5.844390000             0.05820028
     4      2.471609000             0.39169880
     5      1.028308000             0.50478230
     6      0.407250000             0.17902900
   P   3
     1      1.571464000            -0.19301000
     2      0.605580000             0.09605620
     3      0.098561000             0.98176090
   P   1
     1      0.036459000             1.00000000
   D   3
     1     13.5367472123           0.1119134766
     2      3.4401597836           0.4307135301
     3      0.9443297182           0.6725709357
   D   1
     1      0.2197057097           1.0000000
   F   1
     1      0.80000000             1.0000000
   end
   NewGTO   Mn
   S   6
     1  56347.140000000            0.00177158
     2   8460.943000000            0.01357081
     3   1927.325000000            0.06690605
     4    543.234300000            0.23185410
     5    173.990500000            0.47990460
     6     59.360050000            0.34957370
   S   6
     1   1165.412000000            0.00238875
     2    277.327600000            0.03181708
     3     89.472780000            0.12546700
     4     33.482560000           -0.02955431
     5     13.540370000           -0.61751600
     6      5.557972000           -0.45444580
   S   6
     1     45.835320000           -0.00366586
     2     15.187770000            0.07231971
     3      6.500710000            0.25444860
     4      2.751583000           -0.29103800
     5      1.145404000           -0.73598600
     6      0.453687000           -0.19976170
   S   3
     1      1.757999000            0.05628572
     2      0.667022000            0.28974910
     3      0.105129000           -1.14065300
   S   1
     1      0.038418000            1.00000000
   P   6
     1   1165.412000000            0.00397732
     2    277.327600000            0.03103112
     3     89.472780000            0.13518940
     4     33.482560000            0.34573870
     5     13.540370000            0.46292050
     6      5.557972000            0.20905920
   P   6
     1     45.835320000           -0.00688758
     2     15.187770000           -0.02846816
     3      6.500710000            0.06031832
     4      2.751583000            0.39389610
     5      1.145404000            0.50137690
     6      0.453687000            0.17922640
   P   3
     1      1.757999000           -0.50350240
     2      0.667022000            0.23450110
     3      0.105129000            0.91412570
   P   1
     1      0.038418000            1.00000000
   D   3
     1     17.4640356959           0.1021964953
     2      4.5235533151           0.4169414088
     3      1.3041931349           0.6799648276
   D   1
     1      0.3369193736           1.0000000
   F   1
     1      0.80000000             1.0000000
   end
   NewGTO   Fe
    S  6
     1   61132.620000000       0.00176611
     2    9179.342000000       0.01353038
     3    2090.857000000       0.06673128
     4     589.247900000       0.23148230
     5     188.754300000       0.47970580
     6      64.446290000       0.35019760
    S  6
     1    1259.980000000       0.00243801
     2     299.876100000       0.03224048
     3      96.849170000       0.12657240
     4      36.310200000      -0.03139902
     5      14.729960000      -0.62075930
     6       6.066075000      -0.45029140
    S  6
     1      50.434850000      -0.00387326
     2      16.839290000       0.07196598
     3       7.192086000       0.25565910
     4       3.053420000      -0.28828370
     5       1.273643000      -0.73428220
     6       0.504091000      -0.20493530
    S  3
     1       1.950316000       0.05694869
     2       0.736721000       0.28829150
     3       0.114177000      -1.13815900
    S  1
     1       0.041148000       1.00000000
    S  1
     1       0.016460000       1.00000000
   P  6
    1      1259.980000000          0.00402802
    2       299.876100000          0.03144647
    3        96.849170000          0.13683170
    4        36.310200000          0.34872360
    5        14.729960000          0.46179310
    6         6.066075000          0.20430580
   P  6
    1        50.434850000         -0.00701713
    2        16.839290000         -0.02877660
    3         7.192086000          0.06181383
    4         3.053420000          0.39549460
    5         1.273643000          0.49890590
    6         0.504091000          0.17912510
   P  3
    1         1.950316000         -0.45937960
    2         0.736721000          0.28521390
    3         0.114177000          0.90764850
   P  1
    1         0.041148000          1.00000000
   P  1
    1         0.016140000          1.00000000
   D  3
     1         19.2960488121        0.1050074059
     2          5.0216501028        0.4228007951
     3          1.4414455281        0.6740867843
   D  1
     1         0.3646837240        1.0000000
   D  1
     1         0.1013010000        1.0000000
   F  1
     1         0.80000000          1.00000000
   G  1
     1         0.26160000          1.00000000
   end
   NewGTO   Co
   S   6
     1  66148.990000000            0.00175979
     2   9933.077000000            0.01348162
     3   2262.816000000            0.06649342
     4    637.915400000            0.23079390
     5    204.412200000            0.47929190
     6     69.825380000            0.35140970
   S   6
     1   1378.841000000            0.00237628
     2    328.269400000            0.03167450
     3    106.094600000            0.12628880
     4     39.832750000           -0.02584552
     5     16.186220000           -0.61834910
     6      6.667788000           -0.45670080
   S   6
     1     54.523550000           -0.00399300
     2     18.297830000            0.07409663
     3      7.867348000            0.25420000
     4      3.340534000           -0.29216570
     5      1.393756000           -0.73187030
     6      0.551326000           -0.20407840
   S   3
     1      2.151947000            0.05379843
     2      0.811063000            0.27599710
     3      0.121017000           -1.12969200
   S   1
     1      0.043037000            1.00000000
   P   6
     1   1378.841000000            0.00397149
     2    328.269400000            0.03108174
     3    106.094600000            0.13574390
     4     39.832750000            0.34768270
     5     16.186220000            0.46263400
     6      6.667788000            0.20516320
   P   6
     1     54.523550000           -0.00729077
     2     18.297830000           -0.02926027
     3      7.867348000            0.06564150
     4      3.340534000            0.40006520
     5      1.393756000            0.49502360
     6      0.551326000            0.17582400
   P   3
     1      2.151947000           -0.21654960
     2      0.811063000            0.12404880
     3      0.121017000            0.97240640
   P   1
     1      0.043037000            1.00000000
   D   3
     1     21.3342776067           0.1068275301
     2      5.5768194304           0.4266878706
     3      1.5985127182           0.6698677042
   D   1
     1      0.3995329086           1.0000000
   F   1
     1      0.80000000             1.0000000
   end
   NewGTO   Ni
   S   6
     1  71396.350000000            0.00175300
     2  10720.840000000            0.01343122
     3   2442.129000000            0.06627041
     4    688.426500000            0.23025080
     5    220.615300000            0.47901860
     6     75.393730000            0.35234440
   S   6
     1   1492.532000000            0.00237071
     2    355.401300000            0.03160566
     3    114.953400000            0.12663350
     4     43.220430000           -0.02417037
     5     17.597100000           -0.61877750
     6      7.257765000           -0.45767700
   S   6
     1     59.352610000           -0.00416200
     2     20.021810000            0.07425111
     3      8.614561000            0.25413600
     4      3.660531000           -0.29034770
     5      1.528111000           -0.73021210
     6      0.604057000           -0.20760570
   S   3
     1      2.379276000            0.05157888
     2      0.885839000            0.27076110
     3      0.128529000           -1.12477000
   S   1
     1      0.045195000            1.00000000
   P   6
     1   1492.532000000            0.00396755
     2    355.401300000            0.03109479
     3    114.953400000            0.13595170
     4     43.220430000            0.34851360
     5     17.597100000            0.46254980
     6      7.257765000            0.20351860
   P   6
     1     59.352610000           -0.00742145
     2     20.021810000           -0.02953410
     3      8.614561000            0.06731852
     4      3.660531000            0.40166600
     5      1.528111000            0.49266230
     6      0.604057000            0.17568930
   P   3
     1      2.379276000           -0.18876630
     2      0.885839000            0.10151990
     3      0.128529000            0.97909060
   P   1
     1      0.045195000            1.00000000
   D   3
     1     23.4797449981           0.1083435458
     2      6.1618058722           0.4298776432
     3      1.7645451103           0.6663191638
   D   1
     1      0.4366865521           1.0000000
   F   1
     1      0.80000000             1.0000000
   end
   NewGTO   Cu
   S   6
     1  76794.380000000            0.00174816
     2  11530.700000000            0.01339602
     3   2626.575000000            0.06610885
     4    740.490300000            0.22982650
     5    237.352800000            0.47876750
     6     81.158180000            0.35307390
   S   6
     1   1610.814000000            0.00236405
     2    383.636700000            0.03153635
     3    124.173300000            0.12694520
     4     46.746780000           -0.02262840
     5     19.065690000           -0.61920800
     6      7.871567000           -0.45853930
   S   6
     1     64.457320000           -0.00433108
     2     21.852120000            0.07412307
     3      9.405343000            0.25421080
     4      3.999168000           -0.28748430
     5      1.670297000           -0.72914360
     6      0.659627000           -0.21139510
   S   3
     1      2.600088000            0.05027577
     2      0.963094000            0.26500400
     3      0.136161000           -1.12015500
   S   1
     1      0.047332000            1.00000000
   P   6
     1   1610.814000000            0.00396331
     2    383.636700000            0.03110223
     3    124.173300000            0.13613500
     4     46.746780000            0.34929140
     5     19.065690000            0.46247800
     6      7.871567000            0.20201020
   P   6
     1     64.457320000           -0.00752373
     2     21.852120000           -0.02975687
     3      9.405343000            0.06849654
     4      3.999168000            0.40271410
     5      1.670297000            0.49084900
     6      0.659627000            0.17592680
   P   3
     1      2.600088000           -0.17029110
     2      0.963094000            0.09310133
     3      0.136161000            0.98143360
   P   1
     1      0.047332000            1.00000000
   D   3
     1     23.7507076365           0.1176454522
     2      6.2001031538           0.4444063028
     3      1.7193642175           0.6546667345
   D   1
     1      0.3881782772           1.0000000
   F   1
     1      0.80000000             1.0000000
   end
end
