%basis
   NewGTO   H
   S  3
       1              33.86500000               0.02549381
       2               5.09479000               0.19037311
       3               1.15879000               0.85216149
   S  1
       1               0.32584000               1.00000000
   S  1
       1               0.10274100               1.00000000
   S  1
       1               0.03600000               1.00000000
   P  1
       1               1.50000000               1.00000000
   P  1
       1               0.37500000               1.00000000
   end
   NewGTO   C
   S  6
       1            4563.24000000               0.00196665
       2             682.02400000               0.01523060
       3             154.97300000               0.07612691
       4              44.45530000               0.26080103
       5              13.02900000               0.61646208
       6               1.82773000               0.22100603
   S  3
       1              20.96420000               0.11466008
       2               4.80331000               0.91999965
       3               1.45933000              -0.00303068
   P  3
       1              20.96420000               0.04024869
       2               4.80331000               0.23759396
       3               1.45933000               0.81585385
   S  1
       1               0.48345600               1.00000000
   P  1
       1               0.48345600               1.00000000
   S  1
       1               0.14558500               1.00000000
   P  1
       1               0.14558500               1.00000000
   S  1
       1               0.04380000               1.00000000
   P  1
       1               0.04380000               1.00000000
   D  1
       1               2.50400000               1.00000000
   D  1
       1               0.62600000               1.00000000
   D  1
       1               0.15650000               1.00000000
   F  1
       1               0.80000000               1.00000000
   end
   NewGTO   N
   S  6
       1            6293.48000000               0.00196979
       2             949.04400000               0.01496129
       3             218.77600000               0.07350053
       4              63.69160000               0.24893677
       5              18.82820000               0.60245943
       6               2.72023000               0.25620176
   S  3
       1              30.63310000               0.11190608
       2               7.02614000               0.92166665
       3               2.11205000              -0.00256919
   P  3
       1              30.63310000               0.03831192
       2               7.02614000               0.23740312
       3               2.11205000               0.81759240
   S  1
       1               0.68400900               1.00000000
   P  1
       1               0.68400900               1.00000000
   S  1
       1               0.20087800               1.00000000
   P  1
       1               0.20087800               1.00000000
   S  1
       1               0.06390000               1.00000000
   P  1
       1               0.06390000               1.00000000
   D  1
       1               3.65200000               1.00000000
   D  1
       1               0.91300000               1.00000000
   D  1
       1               0.22830000               1.00000000
   F  1
       1               1.00000000               1.00000000
   end
   NewGTO   O
   S  6
       1            8588.50000000               0.00189515
       2            1297.23000000               0.01438590
       3             299.29600000               0.07073200
       4              87.37710000               0.24000101
       5              25.67890000               0.59479703
       6               3.74004000               0.28080201
   S  3
       1              42.11750000               0.11388901
       2               9.62837000               0.92081110
       3               2.85332000              -0.00327447
   P  3
       1              42.11750000               0.03651140
       2               9.62837000               0.23715298
       3               2.85332000               0.81970194
   S  1
       1               0.90566100               1.00000000
   P  1
       1               0.90566100               1.00000000
   S  1
       1               0.25561100               1.00000000
   P  1
       1               0.25561100               1.00000000
   S  1
       1               0.08450000               1.00000000
   P  1
       1               0.08450000               1.00000000
   D  1
       1               5.16800000               1.00000000
   D  1
       1               1.29200000               1.00000000
   D  1
       1               0.32300000               1.00000000
   F  1
       1               1.40000000               1.00000000
   end
   NewGTO   F
   S  6
       1           11427.10000000               0.00180093
       2            1722.35000000               0.01374190
       3             395.74600000               0.06813341
       4             115.13900000               0.23332502
       5              33.60260000               0.58908605
       6               4.91901000               0.29950503
   S  3
       1              55.44410000               0.11453602
       2              12.63230000               0.92051212
       3               3.71756000              -0.00337804
   P  3
       1              55.44410000               0.03546089
       2              12.63230000               0.23745092
       3               3.71756000               0.82045771
   S  1
       1               1.16545000               1.00000000
   P  1
       1               1.16545000               1.00000000
   S  1
       1               0.32189200               1.00000000
   P  1
       1               0.32189200               1.00000000
   S  1
       1               0.10760000               1.00000000
   P  1
       1               0.10760000               1.00000000
   D  1
       1               7.00000000               1.00000000
   D  1
       1               1.75000000               1.00000000
   D  1
       1               0.43750000               1.00000000
   F  1
       1               1.85000000               1.00000000
   end
   NewGTO   Si
   S  6
       1           69379.23000000               0.00075700
       2           10354.94000000               0.00593200
       3            2333.87960000               0.03108802
       4             657.14295000               0.12496707
       5             214.30113000               0.38689721
       6              77.62916800               0.55488830
   S  3
       1              77.62916800               0.17788095
       2              30.63080700               0.62776481
       3              12.80129500               0.24762292
   S  1
       1               3.92686600               1.00000000
   S  1
       1               1.45234300               1.00000000
   S  1
       1               0.25623400               1.00000000
   S  1
       1               0.09427900               1.00000000
   S  1
       1               0.03310000               1.00000000
   P  1
       1               0.03310000               1.00000000
   P  4
       1             335.48319000               0.00886600
       2              78.90036600               0.06829899
       3              24.98815000               0.29095794
       4               9.21971100               0.73211685
   P  2
       1               3.62114000               0.61987944
       2               1.45131000               0.43914831
   P  1
       1               0.50497700               1.00000000
   P  1
       1               0.18631700               1.00000000
   P  1
       1               0.06543200               1.00000000
   D  1
       1               3.04000000               1.00000000
   D  1
       1               0.76000000               1.00000000
   D  1
       1               0.19000000               1.00000000
   D  1
       1               0.47000000               1.00000000
   F  1
       1               0.64000000               1.00000000
   F  1
       1               0.16000000               1.00000000
   end
   NewGTO   P
   S  6
       1           77492.40000000               0.00078692
       2           11605.80000000               0.00610824
       3            2645.96000000               0.03139689
       4             754.97600000               0.12423790
       5             248.75500000               0.38115379
       6              91.15650000               0.55953719
   S  3
       1              91.15650000               0.16416170
       2              36.22570000               0.62590970
       3              15.21130000               0.26207440
   S  1
       1               4.71380000               1.00000000
   S  1
       1               1.78270000               1.00000000
   S  1
       1               0.34250000               1.00000000
   S  1
       1               0.12460000               1.00000000
   S  1
       1               0.03480000               1.00000000
   P  1
       1               0.03480000               1.00000000
   P  4
       1             384.84000000               0.00896787
       2              90.55200000               0.06904902
       3              28.80600000               0.29287699
       4              10.68800000               0.72924937
   P  2
       1               4.25210000               0.63258216
       2               1.74050000               0.42329958
   P  1
       1               0.59790000               1.00000000
   P  1
       1               0.22920000               1.00000000
   P  1
       1               0.08380000               1.00000000
   D  1
       1               3.68000000               1.00000000
   D  1
       1               0.92000000               1.00000000
   D  1
       1               0.23000000               1.00000000
   D  1
       1               0.61000000               1.00000000
   F  1
       1               0.90000000               1.00000000
   F  1
       1               0.22500000               1.00000000
   end
   NewGTO   S
   S  6
       1           93413.40000000               0.00074208
       2           13961.70000000               0.00578766
       3            3169.91000000               0.02994067
       4             902.45600000               0.11892819
       5             297.15800000               0.36818218
       6             108.70200000               0.57763357
   S  3
       1             108.70200000               0.14279050
       2              43.15530000               0.62469342
       3              18.10790000               0.28348351
   S  1
       1               5.57050000               1.00000000
   S  1
       1               2.14270000               1.00000000
   S  1
       1               0.43400000               1.00000000
   S  1
       1               0.15700000               1.00000000
   S  1
       1               0.04050000               1.00000000
   P  1
       1               0.04050000               1.00000000
   P  4
       1             495.04000000               0.00819625
       2             117.22000000               0.06364204
       3              37.50700000               0.27880600
       4              13.91000000               0.74474040
   P  2
       1               5.50450000               0.61682484
       2               2.24330000               0.44029463
   P  1
       1               0.77620000               1.00000000
   P  1
       1               0.29190000               1.00000000
   P  1
       1               0.10290000               1.00000000
   D  1
       1               4.08000000               1.00000000
   D  1
       1               1.02000000               1.00000000
   D  1
       1               0.26000000               1.00000000
   D  1
       1               0.59000000               1.00000000
   F  1
       1               1.10000000               1.00000000
   F  1
       1               0.27500000               1.00000000
   end
   NewGTO   Cl
   S  6
       1          105819.00000000               0.00074236
       2           15872.00000000               0.00574732
       3            3619.65000000               0.02964876
       4            1030.80000000               0.11789980
       5             339.90800000               0.36485320
       6             124.53800000               0.58169679
   S  3
       1             124.53800000               0.13704431
       2              49.51350000               0.62313803
       3              20.80560000               0.29032791
   S  1
       1               6.46480000               1.00000000
   S  1
       1               2.52540000               1.00000000
   S  1
       1               0.53780000               1.00000000
   S  1
       1               0.19350000               1.00000000
   S  1
       1               0.04830000               1.00000000
   P  1
       1               0.04830000               1.00000000
   P  4
       1             589.78000000               0.00787333
       2             139.85000000               0.06155460
       3              44.79500000               0.27425140
       4              16.61200000               0.74989939
   P  2
       1               6.59950000               0.61476400
       2               2.71410000               0.44134160
   P  1
       1               0.95280000               1.00000000
   P  1
       1               0.35800000               1.00000000
   P  1
       1               0.12500000               1.00000000
   D  1
       1               4.80000000               1.00000000
   D  1
       1               1.20000000               1.00000000
   D  1
       1               0.30000000               1.00000000
   D  1
       1               0.72000000               1.00000000
   F  1
       1               1.40000000               1.00000000
   F  1
       1               0.35000000               1.00000000
   end
   NewGTO   Ge
   S  6
       1          476147.60000000               0.00059482
       2           71383.71000000               0.00461133
       3           16253.06000000               0.02396838
       4            4611.15200000               0.09699879
       5            1527.17100000               0.30066029
       6             496.84990000               0.67287877
   S  3
       1             728.58640000               0.08742576
       2             208.50490000               0.60081801
       3              89.00106000               0.36644170
   S  1
       1              27.14471000               1.00000000
   S  1
       1              11.77266000               1.00000000
   S  1
       1               3.73356500               1.00000000
   S  1
       1               1.50453100               1.00000000
   S  1
       1               0.24379300               1.00000000
   S  1
       1               0.09097400               1.00000000
   S  1
       1               0.03170000               1.00000000
   P  1
       1               0.03170000               1.00000000
   P  4
       1            5239.82900000               0.00488629
       2            1241.55400000               0.04187696
       3             401.40000000               0.22021400
       4             151.81970000               0.80525978
   P  3
       1              63.11480000               0.33170360
       2              27.72940000               0.48088330
       3              12.31351000               0.28779330
   P  2
       1               8.41045100               0.31030829
       2               3.87138100               0.72682807
   P  1
       1               1.76390300               1.00000000
   P  1
       1               0.74682300               1.00000000
   P  1
       1               0.23035900               1.00000000
   P  1
       1               0.07321200               1.00000000
   D  3
       1              74.75133000               0.05332128
       2              21.29895000               0.30096040
       3               7.34200400               0.76843190
   D  1
       1               2.56444200               1.00000000
   D  1
       1               0.81945900               1.00000000
   D  1
       1               1.20000000               1.00000000
   D  1
       1               0.30000000               1.00000000
   D  1
       1               0.07500000               1.00000000
   F  1
       1               0.80000000               1.00000000
   F  1
       1               0.20000000               1.00000000
   end
   NewGTO   As
   S  6
       1          506105.60000000               0.00059487
       2           75852.70000000               0.00461399
       3           17263.68000000               0.02399715
       4            4895.74900000               0.09716623
       5            1620.92800000               0.30126651
       6             527.51280000               0.67215453
   S  3
       1             772.30970000               0.08799553
       2             221.66420000               0.60049207
       3              94.80590000               0.36612168
   S  1
       1              29.10096000               1.00000000
   S  1
       1              12.67537000               1.00000000
   S  1
       1               4.11052400               1.00000000
   S  1
       1               1.68606600               1.00000000
   S  1
       1               0.29778900               1.00000000
   S  1
       1               0.11251800               1.00000000
   S  1
       1               0.03150000               1.00000000
   P  1
       1               0.03150000               1.00000000
   P  4
       1            5650.06900000               0.00485817
       2            1339.30700000               0.04164741
       3             433.15760000               0.21944590
       4             163.86790000               0.80600909
   P  3
       1              68.06336000               0.33019512
       2              29.80479000               0.48317383
       3              13.14423000               0.28779852
   P  2
       1               8.93747100               0.31271449
       2               4.01850800               0.72668917
   P  1
       1               1.78661300               1.00000000
   P  1
       1               0.68642000               1.00000000
   P  1
       1               0.25364100               1.00000000
   P  1
       1               0.08746200               1.00000000
   D  3
       1              84.41303000               0.05138075
       2              24.17801000               0.29563352
       3               8.40014200               0.77238145
   D  1
       1               2.97985700               1.00000000
   D  1
       1               0.97876700               1.00000000
   D  1
       1               1.20000000               1.00000000
   D  1
       1               0.30000000               1.00000000
   D  1
       1               0.07500000               1.00000000
   F  1
       1               0.80000000               1.00000000
   F  1
       1               0.20000000               1.00000000
   end
   NewGTO   Se
   S  6
       1          536812.60000000               0.00059635
       2           80486.44000000               0.00462265
       3           18325.66000000               0.02402926
       4            5199.10300000               0.09724059
       5            1722.53600000               0.30119270
       6             561.06850000               0.67206179
   S  3
       1             821.64730000               0.08773439
       2             236.03230000               0.59937773
       3             101.10410000               0.36736692
   S  1
       1              31.07828000               1.00000000
   S  1
       1              13.59155000               1.00000000
   S  1
       1               4.50027600               1.00000000
   S  1
       1               1.87585000               1.00000000
   S  1
       1               0.35700900               1.00000000
   S  1
       1               0.13554800               1.00000000
   S  1
       1               0.03450000               1.00000000
   P  1
       1               0.03450000               1.00000000
   P  4
       1            5993.23300000               0.00486429
       2            1420.51100000               0.04170700
       3             459.67720000               0.21958840
       4             174.07590000               0.80576200
   P  3
       1              72.39359000               0.33169090
       2              31.76715000               0.48305420
       3              14.03669000               0.28593980
   P  2
       1               9.62836000               0.31161169
       2               4.31613800               0.72798098
   P  1
       1               1.91842500               1.00000000
   P  1
       1               0.70771700               1.00000000
   P  1
       1               0.27243100               1.00000000
   P  1
       1               0.09517200               1.00000000
   D  3
       1              94.44435000               0.04975580
       2              27.17182000               0.29114330
       3               9.50413200               0.77569319
   D  1
       1               3.41600300               1.00000000
   D  1
       1               1.14765700               1.00000000
   D  1
       1               1.20000000               1.00000000
   D  1
       1               0.30000000               1.00000000
   D  1
       1               0.07500000               1.00000000
   F  1
       1               0.80000000               1.00000000
   F  1
       1               0.20000000               1.00000000
   end
   NewGTO   Br
   S  6
       1          566022.20000000               0.00059949
       2           84870.37000000               0.00464625
       3           19326.43000000               0.02414531
       4            5484.53800000               0.09765051
       5            1817.68300000               0.30229781
       6             593.15140000               0.67049592
   S  3
       1             865.75050000               0.08827932
       2             250.06930000               0.59860124
       3             107.38690000               0.36743123
   S  1
       1              33.16004000               1.00000000
   S  1
       1              14.56001000               1.00000000
   S  1
       1               4.91161600               1.00000000
   S  1
       1               2.07696300               1.00000000
   S  1
       1               0.41973200               1.00000000
   S  1
       1               0.16028700               1.00000000
   S  1
       1               0.03820000               1.00000000
   P  1
       1               0.03820000               1.00000000
   P  4
       1            6545.22100000               0.00474378
       2            1549.33600000               0.04088669
       3             500.09100000               0.21739499
       4             188.66000000               0.80841587
   P  3
       1              78.16583000               0.32925739
       2              34.22610000               0.48356489
       3              15.12504000               0.28808060
   P  2
       1              10.39886000               0.31006250
       2               4.70003700               0.72867569
   P  1
       1               2.11638300               1.00000000
   P  1
       1               0.79239300               1.00000000
   P  1
       1               0.30811200               1.00000000
   P  1
       1               0.10851300               1.00000000
   D  3
       1             104.82310000               0.04837063
       2              30.26975000               0.28731960
       3              10.64819000               0.77852399
   D  1
       1               3.86954500               1.00000000
   D  1
       1               1.32397100               1.00000000
   D  1
       1               1.20000000               1.00000000
   D  1
       1               0.30000000               1.00000000
   D  1
       1               0.07500000               1.00000000
   F  1
       1               0.80000000               1.00000000
   F  1
       1               0.20000000               1.00000000
   end
   NewGTO   He
   S  3
       1              98.12430000               0.02874520
       2              14.76890000               0.20806102
       3               3.31883000               0.83763507
   S  1
       1               0.87404700               1.00000000
   S  1
       1               0.24456400               1.00000000
   S  1
       1               0.08600000               1.00000000
   P  1
       1               1.50000000               1.00000000
   P  1
       1               0.37500000               1.00000000
   end
   NewGTO   Ne
   S  6
       1           13995.70000000               0.00183276
       2            2117.10000000               0.01388270
       3             490.42500000               0.06806871
       4             143.83300000               0.23132802
       5              41.92650000               0.58589005
       6               6.15684000               0.30588303
   S  3
       1              69.12110000               0.11914906
       2              15.83500000               0.91737543
       3               4.67326000              -0.00405839
   P  3
       1              69.12110000               0.03565740
       2              15.83500000               0.23947702
       3               4.67326000               0.81846108
   S  1
       1               1.45756000               1.00000000
   P  1
       1               1.45756000               1.00000000
   S  1
       1               0.39705700               1.00000000
   P  1
       1               0.39705700               1.00000000
   S  1
       1               0.13000000               1.00000000
   P  1
       1               0.13000000               1.00000000
   D  1
       1               9.21600000               1.00000000
   D  1
       1               2.30400000               1.00000000
   D  1
       1               0.57600000               1.00000000
   F  1
       1               2.50000000               1.00000000
   end
   NewGTO   Ar
   S  6
       1          118022.00000000               0.00074619
       2           17683.50000000               0.00578636
       3            4027.77000000               0.02990098
       4            1145.40000000               0.11912871
       5             377.16400000               0.36878394
       6             138.16000000               0.57677266
   S  3
       1             138.16000000               0.14359310
       2              54.98910000               0.62311418
       3              23.17070000               0.28408099
   S  1
       1               7.37786000               1.00000000
   S  1
       1               2.92369000               1.00000000
   S  1
       1               0.65040500               1.00000000
   S  1
       1               0.23282500               1.00000000
   S  1
       1               0.06000000               1.00000000
   P  1
       1               0.06000000               1.00000000
   P  4
       1             663.06200000               0.00782002
       2             157.09300000               0.06148333
       3              50.23110000               0.27547311
       4              18.63530000               0.74884022
   P  2
       1               7.44654000              -0.62822103
       2               3.09570000              -0.42602022
   P  1
       1               1.10646000               1.00000000
   P  1
       1               0.41560100               1.00000000
   P  1
       1               0.14544900               1.00000000
   D  1
       1               5.60000000               1.00000000
   D  1
       1               1.40000000               1.00000000
   D  1
       1               0.35000000               1.00000000
   D  1
       1               0.85000000               1.00000000
   F  1
       1               1.70000000               1.00000000
   F  1
       1               0.42500000               1.00000000
   end
   NewGTO   Kr
   S  6
       1          604680.10000000               0.00059452
       2           90644.79000000               0.00460974
       3           20635.95000000               0.02396692
       4            5853.96200000               0.09703483
       5            1939.07500000               0.30084878
       6             631.33400000               0.67260456
   S  3
       1             925.38710000               0.08742331
       2             265.90600000               0.59778978
       3             114.19080000               0.36909219
   S  1
       1              35.24814000               1.00000000
   S  1
       1              15.53271000               1.00000000
   S  1
       1               5.33294900               1.00000000
   S  1
       1               2.28481600               1.00000000
   S  1
       1               0.48421800               1.00000000
   S  1
       1               0.18529800               1.00000000
   S  1
       1               0.05250000               1.00000000
   P  1
       1               0.05250000               1.00000000
   P  4
       1            6880.16800000               0.00482523
       2            1630.81700000               0.04143591
       3             527.94400000               0.21884001
       4             200.18670000               0.80642122
   P  3
       1              83.46463000               0.32669538
       2              36.75634000               0.48194087
       3              16.31158000               0.29146068
   P  2
       1              11.24475000               0.30737919
       2               5.13683500               0.73021528
   P  1
       1               2.34646900               1.00000000
   P  1
       1               0.89945600               1.00000000
   P  1
       1               0.35274300               1.00000000
   P  1
       1               0.12523500               1.00000000
   D  3
       1             115.52570000               0.04719217
       2              33.46588000               0.28406739
       3              11.83115000               0.78091767
   D  1
       1               4.34041600               1.00000000
   D  1
       1               1.50779300               1.00000000
   D  1
       1               1.20000000               1.00000000
   D  1
       1               0.30000000               1.00000000
   D  1
       1               0.07500000               1.00000000
   F  1
       1               0.80000000               1.00000000
   F  1
       1               0.20000000               1.00000000
   end
   NewGTO   B
   S  6
       1            2858.89000000               0.00215375
       2             428.14000000               0.01658229
       3              97.52820000               0.08218696
       4              27.96930000               0.27661788
       5               8.21577000               0.62931573
       6               1.11278000               0.17376992
   S  3
       1              13.24150000               0.11744294
       2               3.00166000               0.91800155
       3               0.91285600              -0.00265105
   P  3
       1              13.24150000               0.04181000
       2               3.00166000               0.23657499
       3               0.91285600               0.81621398
   S  1
       1               0.31545400               1.00000000
   P  1
       1               0.31545400               1.00000000
   S  1
       1               0.09885630               1.00000000
   P  1
       1               0.09885630               1.00000000
   S  1
       1               0.03150000               1.00000000
   P  1
       1               0.03150000               1.00000000
   D  1
       1               1.60400000               1.00000000
   D  1
       1               0.40100000               1.00000000
   D  1
       1               0.10030000               1.00000000
   F  1
       1               0.50000000               1.00000000
   end
   NewGTO   Al
   S  6
       1           54866.48900000               0.00083900
       2            8211.76650000               0.00652700
       3            1866.17610000               0.03366599
       4             531.12934000               0.13290197
       5             175.11797000               0.40126592
       6              64.00550000               0.53133789
   S  3
       1              64.00550000               0.20230514
       2              25.29250700               0.62479043
       3              10.53491000               0.22743916
   S  1
       1               3.20671100               1.00000000
   S  1
       1               1.15255500               1.00000000
   S  1
       1               0.17667800               1.00000000
   S  1
       1               0.06523700               1.00000000
   S  1
       1               0.03180000               1.00000000
   P  1
       1               0.03180000               1.00000000
   P  4
       1             259.28362000               0.00944800
       2              61.07687000               0.07097400
       3              19.30323700               0.29563600
       4               7.01088200               0.72821899
   P  2
       1               2.67386500               0.64446684
       2               1.03659600               0.41741290
   P  1
       1               0.31681900               1.00000000
   P  1
       1               0.11425700               1.00000000
   P  1
       1               0.04139700               1.00000000
   D  1
       1               2.16000000               1.00000000
   D  1
       1               0.54000000               1.00000000
   D  1
       1               0.13500000               1.00000000
   D  1
       1               0.39000000               1.00000000
   F  1
       1               0.50000000               1.00000000
   F  1
       1               0.12500000               1.00000000
   end
   NewGTO   Ga
   S  6
       1          446995.50000000               0.00059406
       2           67004.71000000               0.00460623
       3           15253.89000000               0.02394726
       4            4326.71000000               0.09694411
       5            1432.39800000               0.30065922
       6             465.81180000               0.67297793
   S  3
       1             682.83850000               0.08747540
       2             195.22560000               0.60181228
       3              83.17631000               0.36551499
   S  1
       1              25.27742000               1.00000000
   S  1
       1              10.91314000               1.00000000
   S  1
       1               3.37818600               1.00000000
   S  1
       1               1.33500300               1.00000000
   S  1
       1               0.19214400               1.00000000
   S  1
       1               0.07043800               1.00000000
   S  1
       1               0.01380000               1.00000000
   P  1
       1               0.01380000               1.00000000
   P  4
       1            4979.21400000               0.00491078
       2            1180.22900000               0.04206382
       3             381.91860000               0.22078280
       4             144.82000000               0.80444210
   P  3
       1              60.46382000               0.32181988
       2              26.63636000               0.47805247
       3              11.89693000               0.30020918
   P  2
       1               8.05767600               0.30576921
       2               3.97033400               0.72528402
   P  1
       1               1.89412800               1.00000000
   P  1
       1               0.82408900               1.00000000
   P  1
       1               0.19329300               1.00000000
   P  1
       1               0.05585600               1.00000000
   D  3
       1              65.34155000               0.05575017
       2              18.49837000               0.30761896
       3               6.31512900               0.76347909
   D  1
       1               2.16338600               1.00000000
   D  1
       1               0.66669900               1.00000000
   D  1
       1               1.20000000               1.00000000
   D  1
       1               0.30000000               1.00000000
   D  1
       1               0.07500000               1.00000000
   F  1
       1               0.80000000               1.00000000
   F  1
       1               0.20000000               1.00000000
   end
   NewGTO   Li
   S  6
       1             900.46000000               0.00228704
       2             134.43300000               0.01763500
       3              30.43650000               0.08734341
       4               8.62639000               0.28097705
       5               2.48332000               0.65874111
       6               0.30317900               0.11871202
   S  3
       1               4.86890000               0.09332930
       2               0.85692400               0.94304500
       3               0.24322700              -0.00279827
   P  3
       1               4.86890000               0.03276610
       2               0.85692400               0.15979198
       3               0.24322700               0.88566691
   S  1
       1               0.06350700               1.00000000
   P  1
       1               0.06350700               1.00000000
   S  1
       1               0.02436830               1.00000000
   P  1
       1               0.02436830               1.00000000
   S  1
       1               0.00740000               1.00000000
   P  1
       1               0.00740000               1.00000000
   D  1
       1               0.80000000               1.00000000
   D  1
       1               0.20000000               1.00000000
   D  1
       1               0.05000000               1.00000000
   F  1
       1               0.15000000               1.00000000
   end
   NewGTO   Na
   S  6
       1           36166.40000000               0.00103200
       2            5372.58000000               0.00807100
       3            1213.21000000               0.04212902
       4             339.62300000               0.16978907
       5             109.55300000               0.51462123
       6              38.77730000               0.37981717
   S  3
       1              38.77730000               0.37476181
       2              14.57590000               0.57576871
       3               5.26993000               0.11293294
   S  1
       1               1.82777000               1.00000000
   S  1
       1               0.61994800               1.00000000
   S  1
       1               0.05724000               1.00000000
   S  1
       1               0.02404800               1.00000000
   S  1
       1               0.00760000               1.00000000
   P  1
       1               0.00760000               1.00000000
   P  4
       1             144.64500000               0.01148500
       2              33.90740000               0.08238301
       3              10.62850000               0.31965804
       4               3.82389000               0.70129510
   P  2
       1               1.44429000               0.63850612
       2               0.55262100               0.42536508
   P  1
       1               0.18872000               1.00000000
   P  1
       1               0.04650100               1.00000000
   P  1
       1               0.01628500               1.00000000
   D  1
       1               0.70000000               1.00000000
   D  1
       1               0.17500000               1.00000000
   D  1
       1               0.04375000               1.00000000
   F  1
       1               0.30000000               1.00000000
   F  1
       1               0.07500000               1.00000000
   end
   NewGTO   K
   S  6
       1          162981.40000000               0.00059775
       2           24432.15000000               0.00463441
       3            5560.62300000               0.02409115
       4            1576.41500000               0.09739593
       5             521.28270000               0.30066091
       6             169.05180000               0.67288252
   S  3
       1             249.45220000               0.08810857
       2              69.99920000               0.61472061
       3              29.24293000               0.35328771
   S  1
       1               8.39240000               1.00000000
   S  1
       1               3.39900100               1.00000000
   S  1
       1               0.83459600               1.00000000
   S  1
       1               0.32203700               1.00000000
   S  1
       1               0.09404600               1.00000000
   S  1
       1               0.02746400               1.00000000
   S  1
       1               0.00700000               1.00000000
   P  1
       1               0.00700000               1.00000000
   P  6
       1            4400.03600000               0.00041549
       2            1042.02800000               0.00364330
       3             340.01510000               0.02002363
       4             129.69420000               0.08321021
       5              53.47660000               0.27892421
       6              22.93009000               0.70599393
   P  2
       1               9.93151500               0.56332952
       2               4.32173500               0.48748052
   P  1
       1               1.79032700               1.00000000
   P  1
       1               0.70212800               1.00000000
   P  1
       1               0.26090900               1.00000000
   P  1
       1               0.04679400               1.00000000
   P  1
       1               0.01654000               1.00000000
   D  3
       1              15.59788000               0.05981848
       2               4.14856900               0.30559789
       3               1.34156600               0.77244368
   D  1
       1               0.43780600               1.00000000
   D  1
       1               0.13128700               1.00000000
   D  1
       1               0.20000000               1.00000000
   D  1
       1               0.05000000               1.00000000
   D  1
       1               0.01250000               1.00000000
   F  1
       1               2.40000000               1.00000000
   F  1
       1               0.60000000               1.00000000
   end
   NewGTO   Be
   S  6
       1            1682.80000000               0.00228574
       2             251.71500000               0.01759380
       3              57.41160000               0.08633152
       4              16.51710000               0.28183507
       5               4.85364000               0.64059415
       6               0.62686300               0.14446703
   S  3
       1               8.30938000               0.10862103
       2               1.74075000               0.92730128
       3               0.48581600              -0.00297169
   P  3
       1               8.30938000               0.03613440
       2               1.74075000               0.21695802
       3               0.48581600               0.84183908
   S  1
       1               0.16361300               1.00000000
   P  1
       1               0.16361300               1.00000000
   S  1
       1               0.05672850               1.00000000
   P  1
       1               0.05672850               1.00000000
   S  1
       1               0.02070000               1.00000000
   P  1
       1               0.02070000               1.00000000
   D  1
       1               1.02000000               1.00000000
   D  1
       1               0.25500000               1.00000000
   D  1
       1               0.06375000               1.00000000
   F  1
       1               0.26000000               1.00000000
   end
   NewGTO   Mg
   S  6
       1           43866.50000000               0.00091800
       2            6605.37000000               0.00704700
       3            1513.26000000               0.03594098
       4             432.31700000               0.14146091
       5             142.14900000               0.42676373
       6              51.39830000               0.49797469
   S  3
       1              51.39830000               0.25135498
       2              19.91960000               0.61867096
       3               8.02474000               0.18841699
   S  1
       1               2.50817000               1.00000000
   S  1
       1               0.87153100               1.00000000
   S  1
       1               0.10818800               1.00000000
   S  1
       1               0.04013000               1.00000000
   S  1
       1               0.01460000               1.00000000
   P  1
       1               0.01460000               1.00000000
   P  4
       1             193.85400000               0.01018800
       2              45.44200000               0.07535998
       3              14.18640000               0.30741892
       4               5.05751000               0.71757481
   P  2
       1               1.88861000               0.66733902
       2               0.72265200               0.39464901
   P  1
       1               0.23641700               1.00000000
   P  1
       1               0.09335800               1.00000000
   P  1
       1               0.03480900               1.00000000
   D  1
       1               0.70000000               1.00000000
   D  1
       1               0.17500000               1.00000000
   D  1
       1               0.04375000               1.00000000
   F  1
       1               0.40000000               1.00000000
   F  1
       1               0.10000000               1.00000000
   end
   NewGTO   Ca
   S  6
       1          177605.00000000               0.00060963
       2           26626.98000000               0.00472551
       3            6065.12000000               0.02450768
       4            1724.19000000               0.09853818
       5             572.26080000               0.30246570
       6             186.64130000               0.66955719
   S  3
       1             274.05390000               0.08883376
       2              77.72841000               0.61203593
       3              32.66731000               0.35484422
   S  1
       1               9.49180200               1.00000000
   S  1
       1               3.90764900               1.00000000
   S  1
       1               1.04748400               1.00000000
   S  1
       1               0.42753800               1.00000000
   S  1
       1               0.13761600               1.00000000
   S  1
       1               0.04429600               1.00000000
   S  1
       1               0.01500000               1.00000000
   P  1
       1               0.01500000               1.00000000
   P  6
       1            4982.32100000               0.00042399
       2            1182.91000000               0.00370921
       3             385.14040000               0.02058408
       4             146.92050000               0.08518204
       5              61.27718000               0.27924538
       6              26.75429000               0.70184606
   P  2
       1              11.79823000               0.54884260
       2               5.22473700               0.50013030
   P  1
       1               2.23740700               1.00000000
   P  1
       1               0.91600600               1.00000000
   P  1
       1               0.36001300               1.00000000
   P  1
       1               0.08477400               1.00000000
   P  1
       1               0.03062800               1.00000000
   D  3
       1              17.37912000               0.05981848
       2               4.62232500               0.30559790
       3               1.49476900               0.77244371
   D  1
       1               0.48780200               1.00000000
   D  1
       1               0.14628000               1.00000000
   D  1
       1               0.20000000               1.00000000
   D  1
       1               0.05000000               1.00000000
   D  1
       1               0.01250000               1.00000000
   F  1
       1               2.40000000               1.00000000
   F  1
       1               0.60000000               1.00000000
   end
   NewGTO   Fe                                     
  S	6	
    1                  311037.900000	0.0005953878
    2                  46628.580000	0.004616175
    3                  10613.860000	0.02400042
    4                  3009.771000	0.09713202
    5                  995.957300	0.3007423
    6                  323.560200	0.6728480
  S	3             
    1                  475.590400	0.08783861
    2                  135.184800	0.6055856
    3                  57.301870	0.3617744
  S	1             	
    1                  17.144960	1.000000
  S	1             	
    1                  7.304440   	1.000000
  S	1             	
    1                  2.151280 	1.000000
  S	1             	
    1                  0.848716 	1.000000
  S	1             	
    1                  0.110778 	1.000000
  S	1             	
    1                  0.041322 	1.000000
  P	6             	
    1                  8272.107000	0.0005358007
    2                  2056.529000	0.004312319
    3                  699.610500	0.02195761
    4                  283.739800	0.08212259
    5                  125.363900	0.2630147
    6                  56.280130	0.7132167
  P	2             	
    1                  25.062680	0.5232922
    2                  11.184340	0.5249230
  P	1              	
    1                  4.905750 	1.000000
  P	1              
    1                  2.023570 	1.000000
  P	1              	
    1                  0.795639 	1.000000
  P	1              	
    1                  0.185708 	1.000000
  P	1              	
    1                  0.056235 	1.000000
  D	3              	
    1                  38.931830	0.05754184
    2                  10.787280	0.3069351
    3                  3.608265 	0.7666682
  D	1              	
    1                  1.211048 	1.000000
  D	1              	
    1                  0.364473 	1.000000
  D    1               
    1                  0.09112          1.000000
  P    1               
    1                  0.02249          1.000000
  S    1               
    1                  0.01653          1.000000
  F    1               
    1                  1.7225           1.000000
  F    1               
    1                  0.4306           1.000000
  F    1               
    1                  0.1077           1.000000
  G    1             
    1                  0.5232           1.000000
  G    1               
    1                  0.1308           1.000000
  end
  NewGTO   Sc 
     S  6
      1            199590.9000000000    0.00059842800000
      2             29919.0300000000    0.00463985100000
      3              6810.1010000000    0.02411619000000
      4              1931.1030000000    0.09749323000000
      5               638.9009000000    0.30095930000000
      6               207.3857000000    0.67242090000000
     S  3
      1               305.8049000000    0.08834083000000
      2                86.2570600000    0.61118120000000
      3                36.2866900000    0.35621830000000
     S  1
      1                10.6057100000    1.00000000000000
     S  1
      1                 4.4047910000    1.00000000000000
     S  1
      1                 1.2168970000    1.00000000000000
     S  1
      1                 0.4945010000    1.00000000000000
     S  1
      1                 0.1573750000    1.00000000000000
     S  1
      1                 0.0500850000    1.00000000000000
     P  6
      1              6191.1860000000    0.00037463580000
      2              1465.2480000000    0.00331106300000
      3               474.3786000000    0.01876965000000
      4               179.3340000000    0.08028512000000
      5                74.0091800000    0.27301600000000
      6                32.0464600000    0.71288890000000
     P  2
      1                14.0787400000    0.53586180000000
      2                 6.2369230000    0.51315850000000
     P  1
      1                 2.6891950000    1.00000000000000
     P  1
      1                 1.1299810000    1.00000000000000
     P  1
      1                 0.4579300000    1.00000000000000
     P  1
      1                 0.1170220000    1.00000000000000
     P  1
      1                 0.0392130000    1.00000000000000
     D  3
      1                19.2566400000    0.05980959000000
      2                 5.1216900000    0.30547980000000
      3                 1.6562540000    0.77254360000000
     D  1
      1                 0.5405010000    1.00000000000000
     D  1
      1                 0.1620830000    1.00000000000000
     d  1
      1                 0.0405200000    1.00000000000000
     p  1
      1                 0.0156900000    1.00000000000000
     s  1
      1                 0.0200300000    1.00000000000000
     f  1
      1                 1.7225000000    1.00000000000000
     f  1
      1                 0.4306000000    1.00000000000000
     f  1
      1                 0.1077000000    1.00000000000000
     g  1
      1                 0.5232000000    1.00000000000000
     g  1
      1                 0.1308000000    1.00000000000000
  end   
  NewGTO   Ti 
     S  6
      1            219800.1000000000    0.00059788180000
      2             32948.1400000000    0.00463575200000
      3              7499.5800000000    0.02409641000000
      4              2126.6450000000    0.09743378000000
      5               703.6522000000    0.30095030000000
      6               228.4608000000    0.67245470000000
     S  3
      1               336.6189000000    0.08827141000000
      2                95.1317500000    0.60987430000000
      3                 40.0946000000    0.35746990000000
     S  1
      1                11.7867500000    1.00000000000000
     S  1
      1                 4.9289740000    1.00000000000000
     S  1
      1                 1.3881550000    1.00000000000000
     S  1
      1                 0.5593720000    1.00000000000000
     S  1
      1                 0.1748980000    1.00000000000000
     S  1
      1                 0.0546850000    1.00000000000000
     P  6
      1              6820.9160000000    0.00039322310000
      2              1638.7840000000    0.00337955500000
      3               537.0483000000    0.01880813000000
      4               205.1816000000    0.07951108000000
      5                85.5154100000    0.26948590000000
      6                37.2835400000    0.71557180000000
     P  2
      1                16.4256800000    0.52547050000000
      2                 7.2749720000    0.52360020000000
     P  1
      1                 3.1325060000    1.00000000000000
     P  1
      1                 1.3171680000    1.00000000000000
     P  1
      1                 0.5297890000    1.00000000000000
     P  1
      1                 0.1349410000    1.00000000000000
     P  1
      1                 0.0439940000    1.00000000000000
     D  3
      1               23.4621900000    0.05791034000000
      2                 6.3310320000    0.30160010000000
      3                 2.0753070000    0.77421670000000
     D  1
      1                 0.6898220000    1.00000000000000
     D  1
      1                 0.2106840000    1.00000000000000
     d  1
      1                 0.0526700000    1.00000000000000
     p  1
      1                 0.0176000000    1.00000000000000
     s  1
      1                 0.0218700000    1.00000000000000
     f  1
      1                 1.7225000000    1.00000000000000
     f  1
      1                 0.4306000000    1.00000000000000
     f  1
      1                 0.1077000000    1.00000000000000
     g  1
      1                 0.5232000000    1.00000000000000
     g  1
      1                 0.1308000000    1.00000000000000
  end   
  NewGTO   V 
     S  6
      1            241071.1000000000    0.00059725390000
      2             36137.3800000000    0.00463082400000
      3              8225.6050000000    0.02407232000000
      4              2332.5190000000    0.09736062000000
      5               771.7874000000    0.30092930000000
      6               250.6302000000    0.67251840000000
     S  3
      1               368.9879000000    0.08818505000000
      2               104.4624000000    0.60870120000000
      3                44.0965700000    0.35861750000000
     S  1
      1                13.0284100000    1.00000000000000
     S  1
      1                 5.4782670000    1.00000000000000
     S  1
      1                 1.5659790000    1.00000000000000
     S  1
      1                 0.6257970000    1.00000000000000
     S  1
      1                 0.1922520000    1.00000000000000
     S  1
      1                 0.0590620000    1.00000000000000
     P  6
      1              6623.8310000000    0.00049004470000
      2               1616.0600000000    0.00405747700000
      3                545.9742000000    0.02079432000000
      4               218.7531000000    0.08036584000000
      5                94.3303600000    0.26608470000000
      6                41.5883000000    0.71479290000000
     P  2
      1                18.3601800000    0.52625540000000
      2                 8.1460070000    0.52261570000000
     P  1
      1                 3.5312100000    1.00000000000000
     P  1
      1                 1.4780910000    1.00000000000000
     P  1
      1                 0.5920740000    1.00000000000000
     P  1
      1                 0.1491920000    1.00000000000000
     P  1
      1                 0.0477410000    1.00000000000000
     D  3
      1                27.3458700000    0.05731574000000
      2                 7.4487210000    0.30160400000000
      3                 2.4609050000    0.77316730000000
     D  1
      1                 0.8239360000    1.00000000000000
     D  1
      1                 0.2522940000    1.00000000000000
     d  1
      1                 0.0630700000    1.00000000000000
     p  1
      1                 0.0191000000    1.00000000000000
     s  1
      1                 0.0236200000    1.00000000000000
     f  1
      1                 1.7225000000    1.00000000000000
     f  1
      1                 0.4306000000    1.00000000000000
     f  1
      1                 0.1077000000    1.00000000000000
     g  1
      1                 0.5232000000    1.00000000000000
     g  1
      1                 0.1308000000    1.00000000000000
  end   
  NewGTO   Cr 
     S  6
      1            264201.0000000000    0.00059496530000
      2             39596.1900000000    0.00461437300000
      3              9011.8940000000    0.02399226000000
      4              2555.1200000000    0.09709491000000
      5               845.2510000000    0.30050120000000
      6               274.3987000000    0.67318250000000
     S  3
      1               403.9888000000    0.08773919000000
      2               114.3863000000    0.60760710000000
      3                48.3290000000    0.36005300000000
     S  1
      1                14.3273200000    1.00000000000000
     S  1
      1                 6.0518430000    1.00000000000000
     S  1
      1                 1.7490470000    1.00000000000000
     S  1
      1                 0.6936540000    1.00000000000000
     S  1
      1                 0.2095770000    1.00000000000000
     S  1
      1                 0.0633210000    1.00000000000000
     P  6
      1              7211.8390000000    0.00048939820000
      2              1790.4200000000    0.00393145000000
      3               606.6294000000    0.02045985000000
      4               240.1664000000    0.08127778000000
      5               103.0457000000    0.26774820000000
      6                45.6382100000    0.71253170000000
     P  2
      1                20.2717600000    0.52741520000000
      2                 9.0474390000    0.52078470000000
     P  1
      1                 3.9602490000    1.00000000000000
     P  1
      1                 1.6492740000    1.00000000000000
     P  1
      1                 0.6574930000    1.00000000000000
     P  1
      1                 0.1635290000    1.00000000000000
     P  1
      1                 0.0514130000    1.00000000000000
     D  3
      1                31.2386500000    0.05713247000000
      2                 8.5703310000    0.30287330000000
      3                 2.8475350000    0.77127660000000
     D  1
      1                 0.9569850000    1.00000000000000
     D  1
      1                 0.2926160000    1.00000000000000
     d  1
      1                 0.0731500000    1.00000000000000
     p  1
      1                 0.0205700000    1.00000000000000
     s  1
      1                 0.0253300000    1.00000000000000
     f  1
      1                 1.7225000000    1.00000000000000
     f  1
      1                 0.4306000000    1.00000000000000
     f  1
      1                 0.1077000000    1.00000000000000
     g  1
      1                 0.5232000000    1.00000000000000
     g  1
      1                 0.1308000000    1.00000000000000
  end   
  NewGTO   Mn 
     S  6
      1            286981.4000000000    0.00059561580000
      2             43016.7900000000    0.00461854100000
      3              9791.6140000000    0.02401013000000
      4              2776.8130000000    0.09714240000000
      5               918.9293000000    0.30060430000000
      6               298.4897000000    0.67298040000000
     S  3
      1               439.1713000000    0.08773518000000
      2               124.5997000000    0.60638660000000
      3                52.7447400000    0.36115460000000
     S  1
      1                15.7101100000    1.00000000000000
     S  1
      1                 6.6706080000    1.00000000000000
     S  1
      1                 1.9436160000    1.00000000000000
     S  1
      1                 0.7703650000    1.00000000000000
     S  1
      1                 0.1019600000    1.00000000000000
     S  1
      1                 0.0386470000    1.00000000000000
     P  6
      1              8925.8140000000    0.00040250260000
      2              2215.0650000000    0.00326164900000
      3               742.4275000000    0.01764854000000
      4               286.9945000000    0.07494304000000
      5               119.4246000000    0.26293730000000
      6                51.6144900000    0.72592580000000
     P  2
      1                22.6134100000    0.52843080000000
      2                10.0298200000    0.52047480000000
     P  1
      1                 4.3826490000    1.00000000000000
     P  1
      1                 1.8119460000    1.00000000000000
     P  1
      1                 0.7162700000    1.00000000000000
     P  1
      1                 0.1666120000    1.00000000000000
     P  1
      1                 0.0510240000    1.00000000000000
     D  3
      1                35.3897100000    0.05690977000000
      2                 9.7695040000    0.30392570000000
      3                 3.2623730000    0.76967480000000
     D  1
      1                 1.1008760000    1.00000000000000
     D  1
      1                 0.3367320000    1.00000000000000
     d  1
      1                 0.0841800000    1.00000000000000
     p  1
      1                 0.0204100000    1.00000000000000
     s  1
      1                 0.0154600000    1.00000000000000
     f  1
      1                 1.7225000000    1.00000000000000
     f  1
      1                 0.4306000000    1.00000000000000
     f  1
      1                 0.1077000000    1.00000000000000
     g  1
      1                 0.5232000000    1.00000000000000
     g  1
      1                 0.1308000000    1.00000000000000
  end
  NewGTO  Co 
     S  6
      1            336647.5000000000    0.00059446000000
      2             50456.4900000000    0.00461017200000
      3             11484.4600000000    0.02397176000000
      4              3256.4580000000    0.09704274000000
      5              1077.5650000000    0.30065210000000
      6               350.0998000000    0.67300260000000
     S  3
      1               514.3135000000    0.08769604000000
      2               146.3460000000    0.60475260000000
      3                62.0903500000    0.36266980000000
     S  1
      1                18.6348900000    1.00000000000000
     S  1
      1                 7.9610950000    1.00000000000000
     S  1
      1                 2.3626080000    1.00000000000000
     S  1
      1                 0.9274610000    1.00000000000000
     S  1
      1                 0.1192220000    1.00000000000000
     S  1
      1                 0.0438680000    1.00000000000000
     P  6
      1              8966.2930000000    0.00054463120000
      2              2261.8150000000    0.00422271000000
      3               786.6968000000    0.02066420000000
      4               322.8608000000    0.07785209000000
      5               141.4392000000    0.25950680000000
      6                62.6801500000    0.72142000000000
     P  2
      1                27.7037200000    0.52255940000000
      2                12.3179500000    0.52606800000000
     P  1
      1                 5.3944160000    1.00000000000000
     P  1
      1                 2.2153840000    1.00000000000000
     P  1
      1                 0.8653980000    1.00000000000000
     P  1
      1                 0.1935460000    1.00000000000000
     P  1
      1                 0.0572880000    1.00000000000000
     D  3
      1                42.8881900000    0.05807733000000
      2                11.9286100000    0.31047960000000
      3                 3.9987650000    0.76315760000000
     D  1
      1                 1.3391620000    1.00000000000000
     D  1
      1                 0.3993030000    1.00000000000000
     d  1
      1                 0.0998300000    1.00000000000000
     p  1
      1                 0.0229200000    1.00000000000000
     s  1
      1                 0.0175500000    1.00000000000000
     f  1
      1                 1.7225000000    1.00000000000000
     f  1
      1                 0.4306000000    1.00000000000000
     f  1
      1                 0.1077000000    1.00000000000000
     g  1
      1                 0.5232000000    1.00000000000000
     g  1
      1                 0.1308000000    1.00000000000000
  end   
  NewGTO   Ni 
     S  6
      1            363353.7000000000    0.00059357200000
      2             54464.4200000000    0.00460296600000
      3             12396.7000000000    0.02393583000000
      4              3515.2560000000    0.09691256000000
      5              1163.2080000000    0.30045860000000
      6               377.9259000000    0.67329280000000
     S  3
      1               555.0045000000    0.08745146000000
      2               158.0242000000    0.60394360000000
      3                67.0920400000    0.36364640000000
     S  1
      1                20.1842300000    1.00000000000000
     S  1
      1                 8.6431020000    1.00000000000000
     S  1
      1                 2.5819450000    1.00000000000000
     S  1
      1                 1.0084510000    1.00000000000000
     S  1
      1                 0.1271300000    1.00000000000000
     S  1
      1                 0.0461530000    1.00000000000000
     P  6
      1             12236.2400000000    0.00037599450000
      2              2946.0580000000    0.00321682700000
      3               972.3994000000    0.01773098000000
      4               375.6719000000    0.07482673000000
      5               157.8017000000    0.26028740000000
      6                68.8398200000    0.72721170000000
     P  2
      1                30.3487400000    0.52170930000000
      2                13.5029000000    0.52684280000000
     P  1
      1                 5.9237810000    1.00000000000000
     P  1
      1                 2.4234980000    1.00000000000000
     P  1
      1                 0.9414160000    1.00000000000000
     P  1
      1                 0.2052280000    1.00000000000000
     P  1
      1                 0.0596560000    1.00000000000000
     D  3
      1                47.0976400000    0.05840615000000
      2                13.1453400000    0.31292860000000
      3                 4.4159570000    0.76063430000000
     D  1
      1                 1.4772640000    1.00000000000000
     D  1
      1                 0.4375710000    1.00000000000000
     d  1
      1                 0.1094000000    1.00000000000000
     p  1
      1                 0.0238600000    1.00000000000000
     s  1
      1                 0.0184600000    1.00000000000000
     f  1
      1                 1.7225000000    1.00000000000000
     f  1
      1                 0.4306000000    1.00000000000000
     f  1
      1                 0.1077000000    1.00000000000000
     g  1
      1                 0.5232000000    1.00000000000000
     g  1
      1                 0.1308000000    1.00000000000000
  end   
  NewGTO   Cu 
     S  6
      1            390393.8000000000    0.00059357680000
      2             58520.0200000000    0.00460272400000
      3             13320.4400000000    0.02393390000000
      4              3777.3550000000    0.09691228000000
      5              1250.0020000000    0.30056590000000
      6               406.2179000000    0.67316900000000
     S  3
      1               596.0015000000    0.08751382000000
      2               169.9599000000    0.60335680000000
      3                72.2248900000    0.36411060000000
     S  1
      1                21.8027300000    1.00000000000000
     S  1
      1                 9.3542440000    1.00000000000000
     S  1
      1                 2.8096910000    1.00000000000000
     S  1
      1                 1.0926420000    1.00000000000000
     S  1
      1                 0.1355400000    1.00000000000000
     S  1
      1                 0.0485730000    1.00000000000000
     P  6
      1             15172.5300000000    0.00030504590000
      2              3592.6260000000    0.00271069500000
      3              1160.8440000000    0.01570395000000
      4               437.2625000000    0.07014082000000
      5               179.1520000000    0.25595020000000
      6                76.7009300000    0.73770760000000
     P  2
      1                33.4352200000    0.52044860000000
      2                14.7823100000    0.52882080000000
     P  1
      1                 6.4553220000    1.00000000000000
     P  1
      1                 2.6310730000    1.00000000000000
     P  1
      1                 1.0155680000    1.00000000000000
     P  1
      1                 0.2121940000    1.00000000000000
     P  1
      1                 0.0603470000    1.00000000000000
     D  3
      1                51.4032200000    0.05876026000000
      2                14.3907300000    0.31518720000000
      3                 4.8422050000    0.75832990000000
     D  1
      1                 1.6171340000    1.00000000000000
     D  1
      1                 0.4755040000    1.00000000000000
     d  1
      1                 0.1189000000    1.00000000000000
     p  1
      1                 0.0241400000    1.00000000000000
     s  1
      1                 0.0194300000    1.00000000000000
     f  1
      1                 1.7225000000    1.00000000000000
     f  1
      1                 0.4306000000    1.00000000000000
     f  1
      1                 0.1077000000    1.00000000000000
     g  1
      1                 0.5232000000    1.00000000000000
     g  1
      1                 0.1308000000    1.00000000000000
  end   
  NewGTO   Zn 
     S  6
      1            418885.8000000000    0.00059307710000
      2             62793.4600000000    0.00459871300000
      3             14293.2900000000    0.02391403000000
      4              4053.3360000000    0.09684310000000
      5              1341.3540000000    0.30051260000000
      6               435.9505000000    0.67326660000000
     S  3
      1               639.2122000000    0.08740690000000
      2               182.4600000000    0.60273760000000
      3                77.5856300000    0.36477540000000
     S  1
      1                23.4772100000    1.00000000000000
     S  1
      1                10.0888000000    1.00000000000000
     S  1
      1                 3.0428380000    1.00000000000000
     S  1
      1                 1.1778430000    1.00000000000000
     S  1
      1                 0.1434310000    1.00000000000000
     S  1
      1                 0.0508160000    1.00000000000000
     P  6
      1             16236.9100000000    0.00031145620000
      2              3846.2040000000    0.00276133800000
      3              1246.5790000000    0.01587501000000
      4               472.0145000000    0.07024902000000
      5               194.4436000000    0.25513700000000
      6                83.5522400000    0.73778560000000
     P  2
      1                36.4888100000    0.51798230000000
      2                16.1404200000    0.53122510000000
     P  1
      1                 7.0488600000    1.00000000000000
     P  1
      1                 2.8678270000    1.00000000000000
     P  1
      1                 1.1029440000    1.00000000000000
     P  1
      1                 0.2301660000    1.00000000000000
     P  1
      1                 0.0646780000    1.00000000000000
     D  3
      1                56.0363700000    0.05894108000000
      2                15.7337400000    0.31676390000000
      3                 5.3039240000    0.75662230000000
     D  1
      1                 1.7709290000    1.00000000000000
     D  1
      1                 0.5186650000    1.00000000000000
     d  1
      1                 0.1297000000    1.00000000000000
     p  1
      1                 0.0258700000    1.00000000000000
     s  1
      1                 0.0203300000    1.00000000000000
     f  1
      1                 1.7225000000    1.00000000000000
     f  1
      1                 0.4306000000    1.00000000000000
     f  1
      1                 0.1077000000    1.00000000000000
     g  1
      1                 0.5232000000    1.00000000000000
     g  1
      1                 0.1308000000    1.00000000000000 
  end
end
